start=23.433333
pause=yes
volume=130.000000
